[[[0.7463787525583374, 0.36502902040958113, 0.5564823195648549], [-0.059558722634148804, 0.869440844813205, -0.49043386498965247], [-0.6628510513589372, 0.33290604024156994, 0.6706728353549364]], [[0.756069622024027, 0.19962193890917632, 0.6233055495971346], [0.02446641729691329, 0.9430651447935996, -0.33170698982698626], [-0.6540337308404653, 0.26604363210114257, 0.7081388739091603]], [[0.6232172488607157, -0.25461656704190105, 0.7394394258560183], [-0.10664293681041245, 0.909014753396403, 0.4028888955234766], [-0.7747435348235769, -0.3299433010313644, 0.5393606153155747]], [[0.6958807068188481, -0.16544306723622546, 0.6988409213696422], [0.07122702413506433, 0.9842045325977158, 0.16207451695740138], [-0.7146165075830275, -0.06300817024467378, 0.6966729631414261]], [[0.6493687131091803, -0.42703543123784, 0.6292543324463005], [0.07162477536765374, 0.8581161981081193, 0.5084353273504902], [-0.7570932346735508, -0.28509179401024354, 0.5878201281000514]], [[0.6139657797325042, -0.25160358207581035, 0.7481588459706129], [-0.033077098850630066, 0.93880359097093, 0.342861084277164], [-0.7886392881724089, -0.2352518970523041, 0.5680709621906477]], [[0.7159856085181817, -0.24656107271384542, 0.6531249848360164], [-0.13704796471274966, 0.8677087621310219, 0.47780682235516736], [-0.6845308347787864, -0.4316122583329249, 0.5874762928781131]], [[0.6638323215152262, -0.41955367618842365, 0.6191133674122085], [0.01488868230011392, 0.8350725497978722, 0.5499383271908282], [-0.747733225188684, -0.35584905419413354, 0.5605947507585753]], [[0.6577250029882423, -0.6232810627800754, 0.42298763247151383], [-0.05322842293524632, 0.5216825075678422, 0.8514775958823313], [-0.7513751096728872, -0.5825530688937001, 0.30994736083178503]], [[0.6403241098317839, -0.22633337665389383, 0.7340015238271511], [0.011886585113150522, 0.958406155699868, 0.28516021779159206], [-0.7680128537091558, -0.17387019103068518, 0.6163808994513633]], [[0.701678304339822, -0.510526595349813, 0.4970011596156698], [0.03603789335208363, 0.7220890236664292, 0.6908608486107799], [-0.711581919009706, -0.4668511940018911, 0.5250725047052767]], [[0.6549680600498248, 0.2315797022878725, 0.7192966577169877], [0.03396085306223316, 0.9419003282275847, -0.33417126169683387], [-0.7548930392935508, 0.24329943109885957, 0.6090499864979201]], [[0.5613354322608816, 0.16226656555930047, 0.8115245493452914], [0.0939008548724645, 0.961769146736216, -0.2572600587742122], [-0.8222439795721885, 0.22061203522899658, 0.5246381304951161]], [[0.5254258122309472, -0.48469942827977197, 0.6992811881258577], [-0.14081641285037735, 0.7609995166332612, 0.6332854597698379], [-0.8391057464428432, -0.4312147955592491, 0.33159515433340325]], [[0.5133591855450493, -0.14986011082948494, 0.8449877477210532], [-0.20402491878132256, 0.93509054469044, 0.28979217682127145], [-0.833568341009181, -0.32116603247029535, 0.44946212349261516]], [[0.5690093013269939, 0.18980449590072151, 0.8001266576856687], [-0.21357622599258883, 0.9737189093412097, -0.07909918635565927], [-0.7941118376489099, -0.12587985910080177, 0.5945928442040262]], [[0.5997820545865097, -0.22080263453145998, 0.769095367025411], [-0.20976262393359685, 0.8841700963540468, 0.41742410365690213], [-0.7721794665726859, -0.41169094876769186, 0.48399321700441217]], [[0.6086384611461806, -0.22406485218454342, 0.7611531814484702], [-0.21190804698437576, 0.8785500702323026, 0.42807096808599815], [-0.7646268392077777, -0.4218349394139072, 0.487238217561788]], [[0.5944255630844264, -0.016894140629680088, 0.8039731574898175], [-0.28675651599389257, 0.9295994734527928, 0.23155025262636772], [-0.7512848664034213, -0.3681839308941589, 0.5477331855424848]], [[0.5422727861373493, -0.29496444962632445, 0.7867249829969023], [0.042668326270514964, 0.9448112054122801, 0.3248248759880733], [-0.8391183702840199, -0.1425754522490943, 0.5249310441075635]]]